


change of temperature via rotary encoder capture
55 AA 00 07 00 05 65 01 00 01 00 72 55 AA 00 07 00 08 67 02 00 04 00 00 
00 32 AD 55 AA 00 07 00 05 65 01 00 01 01 73 55 AA 00 07 00 05 65 01 00 
01 00 72 55 AA 00 07 00 05 65 01 00 01 00 72 55 AA 00 07 00 08 67 02 00 
04 00 00 00 32 AD 55 AA 00 07 00 05 65 01 00 01 00 72 55 AA 00 07 00 08 
67 02 00 04 00 00 00 32 AD 55 AA 00 07 00 05 65 01 00 01 01 73 55 AA 00 
07 00 05 65 01 00 01 00 72 55 AA 00 07 00 05 65 01 00 01 00 72 55 AA 00 
07 00 08 67 02 00 04 00 00 00 32 AD 55 AA 00 07 00 05 65 01 00 01 00 72 
55 AA 00 07 00 08 67 02 00 04 00 00 00 32 AD 55 AA 00 07 00 05 65 01 00 
01 00 72 55 AA 00 07 00 08 67 02 00 04 00 00 00 32 AD 55 AA 00 07 00 05 
65 01 00 01 00 72 55 AA 00 07 00 08 67 02 00 04 00 00 00 32 AD 55 AA 00 
07 00 05 65 01 00 01 00 72 55 AA 00 07 00 08 67 02 00 04 00 00 00 32 AD 
55 AA 00 07 00 05 65 01 00 01 00 72 55 AA 00 07 00 08 67 02 00 04 00 00 
00 32 AD




pairing start and connection
55 AA 00 E2 00 01 0A EC 55 AA 00 04 00 00 03 55 AA 00 E9 00 06 01 00 00 
01 00 00 F0 55 AA 00 03 00 00 02 55 AA 00 03 00 00 02 55 AA 00 03 00 00 
02 55 AA 00 03 00 00 02 55 AA 00 03 00 00 02 55 AA 00 07 00 08 67 02 00 
04 00 00 00 32 AD 55 AA 00 07 00 05 65 01 00 01 00 72 55 AA 00 07 00 08 
66 02 00 04 00 00 01 09 84 55 AA 00 07 00 05 69 05 00 01 00 7A 55 AA 00 
07 00 05 6A 01 00 01 00 77 55 AA 00 07 00 05 6C 01 00 01 01 7A 55 AA 00 
07 00 15 7B 00 00 11 04 01 68 00 C8 01 E0 00 A0 04 38 00 C8 05 28 00 A0 
2E 55 AA 00 07 00 15 7C 00 00 11 04 01 68 00 C8 01 E0 00 A0 04 38 00 C8 
05 28 00 A0 2F 55 AA 00 07 00 15 7D 00 00 11 04 01 68 00 C8 01 E0 00 A0 
04 38 00 C8 05 28 00 A0 30 55 AA 00 07 00 15 7E 00 00 11 04 01 68 00 C8 
01 E0 00 A0 04 38 00 C8 05 28 00 A0 31 55 AA 00 07 00 15 7F 00 00 11 04 
01 68 00 C8 01 E0 00 A0 04 38 00 C8 05 28 00 A0 32 55 AA 00 07 00 15 80 
00 00 11 04 01 68 00 C8 01 E0 00 A0 04 38 00 C8 05 28 00 A0 33 55 AA 00 
07 00 15 81 00 00 11 04 01 68 00 C8 01 E0 00 A0 04 38 00 C8 05 28 00 A0 
34 55 AA 00 07 00 05 28 01 00 01 01 36 55 AA 00 07 00 05 08 01 00 01 01 
16 55 AA 00 07 00 05 0A 01 00 01 01 18 55 AA 00 07 00 05 82 01 00 01 01 
90 55 AA 00 07 00 08 1B 02 00 04 00 00 00 00 2F 55 AA 00 07 00 1C 73 00 
00 18 00 00 00 00 00 00 00 00 00 00 00 00 00 00 00 00 00 00 00 00 00 00 
00 00 AD 55 AA 00 07 00 1C 6E 00 00 18 00 00 00 00 00 00 00 00 00 00 00 
00 00 00 00 00 00 00 00 00 00 00 00 00 A8 55 AA 00 07 00 1C 77 00 00 18 
00 00 00 00 00 00 00 00 00 00 00 00 00 00 00 00 00 00 00 00 00 00 00 00 
B1 55 AA 00 07 00 0B 74 00 00 07 00 00 00 00 00 00 00 8C 55 AA 00 07 00 
0B 70 00 00 07 00 00 00 00 00 00 00 88 55 AA 00 07 00 0B 78 00 00 07 00 
00 00 00 00 00 00 90 55 AA 00 07 00 23 75 00 00 1F 00 00 00 00 00 00 00 
00 00 00 00 00 00 00 00 00 00 00 00 00 00 00 00 00 00 00 00 00 00 00 00 
BD 55 AA 00 07 00 23 71 00 00 1F 00 00 00 00 00 00 00 00 00 00 00 00 00 
00 00 00 00 00 00 00 00 00 00 00 00 00 00 00 00 00 00 B9 55 AA 00 07 00 
23 79 00 00 1F 00 00 00 00 00 00 00 00 00 00 00 00 00 00 00 00 00 00 00 
00 00 00 00 00 00 00 00 00 00 00 00 C1 55 AA 00 07 00 10 76 00 00 0C 00 
00 00 00 00 00 00 00 00 00 00 00 98 55 AA 00 07 00 10 72 00 00 0C 00 00 
00 00 00 00 00 00 00 00 00 00 94 55 AA 00 07 00 10 7A 00 00 0C 00 00 00 
00 00 00 00 00 00 00 00 00 9C 55 AA 00 07 00 08 66 02 00 04 00 00 01 09 
84
